76
38
11
32
50
31
55
15
20
93
70
1
53
4
50
98
70
2
48
70
50
81
70
41
30
90
83
91
5
37
8
54
26
91
25
26
0
70
73
59
94
57
42
58
27
87
86
92
83
53
11
80
96
8
85
4
60
60
28
100
26
74
20
61
4
71
100
40
58
32
58
43
9
95
48
36
39
50
78
43
84
52
11
42
37
6
72
70
51
81
39
20
31
96
50
45
45
32
98
51
15
25
34
5
20
71
67
29
97
18
61
3
39
77
39
63
99
11
82
2
83
44
24
74
57
55
61
84
45
81
44
99
24
15
80
40
33
9
34
89
65
71
31
80
70
66
48
9
58
16
22
26
93
2
49
40
98
60
78
15
52
84
16
75
93
24
32
98
13
90
46
21
66
45
38
39
57
13
44
2
52
74
60
19
75
63
35
55
4
76
78
32
77
62
54
30
87
31
85
86
85
47
52
94
80
33
91
2
35
69
95
23
76
90
16
19
80
92
62
14
85
24
99
88
84
97
48
75
28
73
90
71
26
77
60
27
43
87
54
51
0
40
21
7
80
31
71
20
16
10
68
68
4
86
34
88
95
23
51
73
97
44
54
75
74
29
36
1
49
15
50
19
3
95
2
50
72
20
61
72
49
100
45
23
86
97
36
99
91
36
71
46
28
96
42
77
21
13
2
55
50
83
59
2
51
54
77
0
17
36
80
84
0
95
45
47
8
51
11
42
6
86
73
76
18
35
79
14
21
94
39
80
54
11
17
52
9
97
37
68
38
15
79
20
50
90
77
61
9
100
26
99
38
81
80
98
16
28
42
81
81
93
82
28
25
82
19
76
0
61
35
17
15
53
66
4
35
37
4
45
82
51
3
4
35
87
70
5
31
98
70
27
65
90
25
6
87
30
15
38
5
39
78
72
85
99
6
15
49
44
51
35
77
70
21
54
5
26
82
51
28
22
55
62
97
22
20
83
18
50
14
62
59
84
31
9
41
62
23
91
43
76
97
26
3
79
17
99
15
78
7
41
30
39
48
51
55
85
75
77
56
94
81
27
56
2
18
69
33
6
96
23
26
55
77
69
27
58
85
44
88
80
100
43
16
42
58
15
78
26
54
70
95
68
38
71
47
60
18
43
